function c = redgreen_periodic

c =[     0         0         0;
    0.0625         0         0;
    0.1250         0         0;
    0.1875         0         0;
    0.2500         0         0;
    0.3125         0         0;
    0.3750         0         0;
    0.4375         0         0;
    0.5000         0         0;
    0.5625         0         0;
    0.6250         0         0;
    0.6875         0         0;
    0.7500         0         0;
    0.8125         0         0;
    0.8750         0         0;
    0.9375         0         0;
    1.0000         0         0;
    0.9688    0.0313         0;
    0.9375    0.0625         0;
    0.9063    0.0938         0;
    0.8750    0.1250         0;
    0.8438    0.1563         0;
    0.8125    0.1875         0;
    0.7813    0.2188         0;
    0.7500    0.2500         0;
    0.7188    0.2813         0;
    0.6875    0.3125         0;
    0.6563    0.3438         0;
    0.6250    0.3750         0;
    0.5938    0.4063         0;
    0.5625    0.4375         0;
    0.5313    0.4688         0;
    0.5000    0.5000         0;
    0.4688    0.5313         0;
    0.4375    0.5625         0;
    0.4063    0.5938         0;
    0.3750    0.6250         0;
    0.3438    0.6563         0;
    0.3125    0.6875         0;
    0.2813    0.7188         0;
    0.2500    0.7500         0;
    0.2188    0.7813         0;
    0.1875    0.8125         0;
    0.1563    0.8438         0;
    0.1250    0.8750         0;
    0.0938    0.9063         0;
    0.0625    0.9375         0;
    0.0313    0.9688         0;
         0    1.0000         0;
         0    0.9333         0;
         0    0.8667         0;
         0    0.8000         0;
         0    0.7333         0;
         0    0.6667         0;
         0    0.6000         0;
         0    0.5333         0;
         0    0.4667         0;
         0    0.4000         0;
         0    0.3333         0;
         0    0.2667         0;
         0    0.2000         0;
         0    0.1333         0;
         0    0.0667         0;
         0         0         0];
end